0.448430498744
-0.443398332243
0.751350934867
-0.267391193732
-0.357941017545
0.434342079972
0.569019035617
0.382917424029
-0.918407997868
0.779170429269
-0.108515222158
0.349723131183
0.171600317386
-0.298262907626
-0.107160135661
0.297257662647
-0.543475042738
0.0620269213202
0.120959183381
0.182868712026
-0.773588752039
0.11644901646
-0.374908554306
0.065595383387
0.443641315876
0.771006468186
-0.0985399211214
0.337224310704
0.316164967909
0.983880759291
0.167593786154
0.0377011325145
-0.0143445377675
-0.418203818817
0.204397464921
0.399087203598
-0.741898511564
-0.416619674167
-0.88033899149
0.602465716277
-0.309726601115
-0.133157314663
0.237527558219
-0.00120770019438
-1.07550220552
0.268699196957
0.2507754771
0.0944316020646
0.166174179953
0.040914940069
0.0809786553423
0.193433443509
0.0342748051166
-0.223248113402
-0.217093638688
-0.389352638914
0.12888191151
0.787829835491
0.644908105331
-0.104990789686
-0.211509816857
-0.524987375689
-0.432621139573
1.4328445581
0.707853040463
0.101197844249
-0.0763198174635
0.459097164288
-0.73833641899
-0.571735584202
-0.188297074973
-0.2086253062
0.08732486237
0.21776434282
-0.181811883585
-0.323105839647
0.268830030916
0.142892845984
0.795899722744
0.433375615684
-0.524782341298
-0.635167299135
-0.408988960629
-0.324105700021
-0.0400052595123
0.441255556031
-0.0894772480836
0.42991190648
-0.859082938276
-0.501480801214
0.049972596041
-0.0461682579519
0.188370698714
1.16647099472
-0.237627815042
0.0198734048301
0.674103571571
0.130073803334
-0.253021159467
-0.344118457842
0.83926145138
-0.174851316892
0.535989270832
-0.595358538804
-0.130891131095
-0.0103880725151
0.614302505636
-0.379171711864
0.27655423118
-0.0287275628962
-0.106141408431
0.000139040327061
0.745760126786
-0.145048037556
-0.582449659637
-0.0681958869201
-0.0718813510089
0.865737986
-0.309807600611
-0.238582790844
-0.398700793823
-0.659918587181
0.518124307065
0.124421820167
-0.553291274229
0.530398305678
0.212974831528
-0.735329346474
0.786624312413
-1.04010896488
0.246416481988
-0.404702380136
0.294259709217
-0.719862049652
0.954276402614
-0.369359475425
-0.666902539058
-0.676382193346
0.319634557855
-0.427460754055
0.0299589761271
-0.0589317573915
-1.32532982269
0.223165025636
-0.232616977844
-0.159580843851
-0.184529348416
-0.336026229181
0.152604809892
-0.540715941484
0.449935521607
-0.17386878548
-0.0714950517317
-0.477607479012
-0.05623224557
0.0923436903301
0.246198978546
-0.867452089199
0.811000027365
-0.284779238746
1.10291585281
-0.183073646714
-0.153850580764
0.515872869259
0.200628640497
-0.302331270149
0.498399218945
0.0205121387783
-0.719589139181
-0.043511856494
-0.070056224229
0.756301770827
-0.204719356639
-0.123347738606
-0.198760658938
-0.0977768368289
0.277417025273
0.653377495028
0.096871513587
-1.03173785634
0.0151466044569
-0.58541436681
-0.104503044908
0.700743243308
-0.544778635283
0.930960987522
-0.134313766336
0.065926944173
0.0970733365986
0.898628300962
0.440887281405
-0.211368236175
-0.348708915953
-0.906935016427
0.122659130169
-0.457425252007
-0.737659701081
-0.0402250791841
-0.487436086089
-0.253811535211
-0.144243466385
0.010532234466
0.140501838192
0.548829060946
0.413815495085
-0.308343495851
-0.0536965332933
0.159678231292
1.18900969186
0.00476015985224
-0.0895808180559
0.491611409436
0.076050610703
-0.298752370776
-1.23898473614
-0.0386739833153
-0.180342749691
0.415601794728
0.015036884894
0.340769013262
-0.462682449487
-0.0517881263497
0.500833718352
-1.20792130875
-0.355756129924
-0.231682543862
0.775043372578
0.71538739298
0.524876318116
0.074693161475
-0.135721916415
-0.130550576032
0.613849250883
-0.0951326563073
0.70494898929
0.111975685875
-1.0719448212
-0.161066310502
-0.443660572862
-0.683114066981
0.366846976625
-0.428922724081
-0.546124839536
0.319672086046
0.306336337682
0.356031648657
0.855038365217
-0.617755663062
0.0626506423023
-0.729961054667
-0.17296442618
0.270355601174
0.623183741178
-0.386997667294
-0.554326548311
0.1119059703
-0.0410812680471
0.16005927087
-0.966670696935
0.502760733387
0.494478896939
-0.50538998135
0.127017745982
-1.14083010057
0.442926662621
-0.405869748612
-0.219144727614
-0.144395407928
-0.725932856141
0.439350438386
0.839884106396
0.137248319087
-0.284181614999
-0.349400044565
-0.182030894582
0.0563370291041
0.461278956602
-0.315022157941
0.516492259332
0.473333807849
-0.335797383632
1.32680800518
0.306087821651
0.631784489391
-0.0804437853559
0.530862530261
0.840553317897
-0.116443594629
-0.514607798866
0.273154445109
0.00432634596599
0.177881817222
0.123043272242
-0.0466424398246
-0.309493061342
0.230030699573
0.515177078579
-0.828858300021
0.285567362941
-0.312639597928
-0.585333365501
0.654404404383
-0.0340984986957
0.600282659909
0.436274065036
-0.284172907961
0.622682268458
-0.259666438605
0.442814675154
-0.0682148929783
0.687966502198
-0.0575130414049
-0.855600443216
-0.198412275932
0.604816556787
0.868695704481
-0.176229578519
0.410753405791
0.238409252947
-0.231851837497
4.78436085488
4.64860496853
4.08991895592
4.77834729576
4.71758931207
5.68216228785
5.65564045528
5.29134582547
5.12876879851
5.39385094815
4.64616113322
4.70565120105
4.32483831666
5.55413719791
6.39060872506
4.66913537933
5.38345945308
5.47449719172
4.33547051599
5.52803298427
4.69338743118
4.47877316636
5.1119107078
4.39425996956
5.43121769732
-0.113913418486
0.717828067839
-0.305834383057
-0.324584972587
-0.40810493146
-1.27319968619
-0.369387579535
-1.2277620518
-0.480385590376
0.160839224425
0.175900920197
0.397179130256
-0.023005205261
-0.797084375343
-0.470726658192
-0.053076091537
0.170607367853
-0.448063303678
0.0402890044697
0.225850164515
0.818298956186
-0.465443223615
-0.613469310967
0.476774521656
0.394991168945
0.380844584159
0.0336104183478
-0.28185789598
-0.822042441634
0.00346208534904
0.063163170001
-0.577870794388
0.547684593022
-0.15972122449
-0.892080164178
-0.437844862988
-0.301500602155
0.220631643374
0.849927630069
-0.336902840063
0.297130409972
-0.152012961658
0.407534008273
0.334724877559
-0.502650365223
-0.38924600182
0.493428533619
-0.462981250365
-0.207594809848
-0.194085814596
-0.147971127339
0.249008636587
0.579645162674
-0.411188979911
-0.560407533956
0.038418296666
-0.315076711512
-0.200230521591
0.0517814228894
-0.0700594908611
-0.609863447014
0.350488085841
0.601419205747
0.132425238213
-0.0832227153744
-0.485938650284
0.703069982937
-0.405313000822
-0.582285861874
0.632812098147
-0.213751191424
-0.152270709745
-0.395128692745
-0.270387514415
0.00281583789912
-0.958559730207
-0.195993335644
0.298549081642
0.707188357717
0.112659026514
-0.21907859528
-0.255450678874
0.18148505856
0.124007123794
-0.496626309978
-1.38332277252
-0.0760155026024
-0.241879569375
-1.03949131626
0.943140040765
1.26288159436
0.398537103542
-0.0960696400109
0.0727753156472
-0.15264062225
0.440151759543
0.158570863634
-0.689555578072
1.15348008156
0.123907449761
-1.2519712084
-1.22011677968
-0.573644161281
0.175279398725
0.464606284308
0.591419620348
0.0832955232321
-0.188532513044
-0.442623537055
0.580069496063
-0.0457593712077
0.111633736395
-0.295720468373
-0.37115566238
-0.409101241453
-0.283314077007
0.463521502362
-0.430480022203
-0.0472097902379
-0.243772318539
-0.105684267979
-0.501422161203
0.300948826437
-0.790529802229
1.32401771426
0.524669684642
-0.722584475054
-0.415956567631
0.0932379468609
1.10882890031
0.483970512335
-0.514281352368
0.411492750354
0.58887590416
-0.240904352264
-0.726933984152
0.604294856344
0.0957874853897
-0.193357305197
0.381743414657
-0.712667755351
-0.837301540507
0.244535097082
-0.657811567542
-0.16689350114
-0.88954819477
0.599165253897
-0.607504592508
-0.215665476271
-0.513336124231
-0.279974788214
0.319641989696
-0.0647867352514
-0.30919172981
0.575785869466
0.0404101350082
-0.0413500557936
-0.0471255051419
-0.127645405015
-0.667178019918
-0.418721008805
0.0495515077842
-0.12224964548
0.163758142656
0.00288469373994
0.494314210738
-0.596951847386
-0.217149239865
0.468503202267
-0.496482643482
0.00839774479081
-8.11428633337e-05
0.0763272810722
0.515413817349
0.649065030264
0.626669862597
0.0939156088223
-0.47693648756
-0.228442491081
0.167957883207
-0.600021144342
-0.000450304131928
0.615135236403
0.228173306509
-0.173890379344
-0.205134290227
0.909424304248
-0.71130452456
-0.284126470816
-0.280794744257
1.18909823554
-0.322411351795
-0.642788257369
0.166364953801
-0.37639013616
0.583425713412
-0.0784046667461
0.117891826749
0.167341867203
-0.0955955296896
0.100767142821
0.322487543454
-1.22598808248
-1.02582708012
-0.27052183562
1.08641971802
-0.263699401357
0.811062407886
0.470647762546
0.255501227945
0.081561001094
-0.766575416911
0.336342371359
-0.935203339049
-0.538502546982
-0.50824328809
-0.683200227904
0.14014502235
0.239512942759
0.291577984786
-0.297923137921
0.0274254630509
0.0100994061601
0.20853732487
0.145017185888
1.45066271348
-0.128902117292
0.262790506933
0.273910164949
-0.59343168715
0.303922329648
0.475565390985
0.370376981931
0.272833505658
-0.14687725032
-0.939507078397
-0.353742430462
-0.0265352429599
0.266962021212
-0.204669436383
0.197165244503
0.273496079939
0.543963618143
0.247565881238
-0.460874566423
-0.218039486533
0.294220561743
-0.834698456818
-0.465059912414
0.115448256587
0.280092904524
0.00259665032472
0.186586866131
-1.0653962191
-0.67822319644
-0.232864336149
-0.745624367217
0.0803039357997
-1.34405536832
-0.038613435842
0.0402141214054
-0.15575917804
-0.027373879854
-0.486661364833
0.364397720913
-0.15326039794
-0.107102849747
-0.533643070626
0.488274979019
0.427417306237
0.00851868985824
-0.119959153749
0.379837214994
0.586667914902
-0.16020254494
0.25800268528
0.882481798078
0.349147442586
0.58901159904
0.318641767524
0.507931764732
0.103036142336
-1.08547033135
-0.214439426498
-0.754114348054
-1.18111972546
-0.147728461312
0.351475398899
-0.0748020244668
0.54423618675
1.21952008324
0.823193290016
-0.533849949615
-0.21738987316
0.177932654623
-0.48744030118
0.292316873334
0.634163938412
0.690083664044
-0.0887798001043
-0.0783517421991
-0.466537931747
0.181997113267
0.0603642991111
0.0179252640053
-0.0858017627833
-0.107376737569
0.193729745681
-0.461861914395
-0.36029712702
-0.39944796845
0.000956060267549
-0.332980195174
-0.124668875112
-0.463822382952
0.0568745624123
0.924284261057
1.17832768247
0.184326223767
-0.514769703168
0.506004700939
0.395652681166
-0.351507986547
0.489010262748
0.172661939396
0.432298805975
-0.281159800513
-0.291357064552
-0.611608188131
-0.684548374036
-0.353687947386
0.143233333693
-0.867511234533
0.146114643112
-0.342054857299
-0.428305696228
0.851652759986
0.0216599575014
0.0896625825984
0.409110277357
-0.330389801083
0.571250626293
-0.716167666574
-0.496674837558
-0.421032323296
-0.0995629040523
0.255709778751
-0.840563973232
0.458291880218
-0.79767339749
0.663031355215
0.159925790973
0.0185418805231
-0.314883385783
-0.274202058784
0.0981099068878
-1.05734824619
0.216901703611
-0.166642538271
-0.469269615299
-0.299801561778
-0.743782251873
0.0332784436519
-0.200762251889
0.355748010443
-0.214056804654
-0.402403057217
0.274790551956
0.97334769745
-0.492135678989
-0.761187828816
0.374392674137
-0.269504774491
-0.474323674512
0.525908136393
0.50842878547
0.0972438336117
-0.360030890708
-0.25426731228
-0.287233307154
0.244519704351
0.544291790854
-0.6421594133
-0.254640315583
0.40519247436
-0.274023790007
0.263489078211
-0.454839089383
-0.748334403343
-0.598489814832
-0.297865133472
-0.351957655596
0.204936542188
-0.428638671864
0.35902012774
0.0981308169444
0.383408246857
0.222912924404
0.518166038416
0.67153596019
-0.341508977108
-0.14731323445
0.046253435359
0.0217571636563
-0.133337568148
-0.703373689201
-0.446658519752
-0.438068364661
0.624191020201
-0.49762742192
-0.347660446168
-0.627208503584
0.188060811992
0.109197828428
0.617124069147
0.705195409963
0.439144437953
-0.0767744379906
-0.181843571968
-0.364857014954
0.209003852576
-0.238283193608
-0.405889392989
0.170698679924
-0.829734019678
0.274984669536
-0.149118610964
0.0161862244876
-0.0456733017847
-0.56525684544
-0.85731523773
-0.687074365374
-0.50265844954
-0.216396348355
-0.0188142927732
1.12952359504
-0.375721781869
-0.639016650053
0.312086256004
-0.248167820859
0.728935859732
-0.0115618987031
0.589362259827
-0.617917239583
0.358090998805
0.15746268525
0.461868286487
0.296512486167
-1.0343581098
0.436867018654
-0.939330903874
-0.298933794165
0.615040787062
-0.0134203299459
0.623421239157
-1.08184452047
0.446613498823
-0.0806682362139
0.731427936882
-0.276077163234
-0.71577416971
-0.00760040830628
0.0253220554288
-0.90786236809
-0.238844998009
-0.742847335306
0.0158710399611
-0.559023320476
-0.722082980344
0.145936927369
0.512265403905
-0.547706084394
0.658743776695
0.448960223977
-0.183887471914
5.25096791663
4.50406183977
5.11830521979
4.71529448978
5.2183803979
5.27255079364
4.89611123562
5.75694422105
5.19503922797
4.00688130534
4.22680591147
5.02016966272
4.57955393862
4.70676610827
3.71148319609
5.18279977726
5.11360891205
5.03927733727
4.71608075947
5.35398033923
4.36709309146
4.41756978541
5.06708934007
5.16491094006
5.62286773383
4.36990314477
0.335653279468
0.266665835273
0.462335558647
-0.351355047496
-0.381336024084
0.297436107502
-0.376703465933
-0.446581799023
-0.047201063903
0.651822143266
-0.447943285073
0.203333926691
-0.57815686086
-0.222271405834
-0.522977982619
-0.191915653582
-0.116766750669
0.877044307394
0.420175418837
1.09306934558
-0.237315870309
0.372046304907
-0.0205943011668
1.06972138146
-0.349645693858
-0.540147956292
0.132432462228
-0.242344566298
0.582672414049
-0.288833413311
0.072545465084
-1.2589155418
0.332783860087
-0.116050300239
0.959560263198
1.27509225071
1.17313378288
0.0555901156661
0.441356153829
1.87304591499
1.04367793124
1.21499969443
1.27086356184
1.01174050583
1.09574075802
0.660235324163
1.27590301693
1.02448899173
1.26685530234
1.19801493327
1.05386527632
1.37482110548
1.86314410137
0.849134924447
0.25503605956
0.586625327828
1.02596834998
0.326433012541
1.02148398763
0.936347629274
0.652860138764
0.290557437433
1.95038322858
0.891950458067
1.02258185532
1.27554500611
-0.381746899903
0.846788200031
0.780351086256
0.413862711363
0.909007825393
0.686378854572
0.489214372777
1.92680846424
0.0697544995426
0.824770327644
0.726478614198
1.61933300718
0.247050380177
0.571575553905
1.48996170875
0.324986904497
0.780200509692
2.1862452056
1.36648616491
0.715467361376
0.585124463453
1.61848152174
0.767347094363
1.56626659308
0.65228351075
0.655936813254
1.10216101787
0.380695757293
0.0540657399642
-0.290932686481
0.709528484981
-0.243778232242
-0.455712854963
0.643198239086
3.8777644354
3.94230689132
3.74895617358
4.82458165141
4.20589739745
4.07396617618
4.1016873498
4.06306198089
2.36375207516
1.25387335498
2.65233338607
2.60465525215
2.11414332593
1.91993208451
2.91838267277
1.20115486155
1.43419793061
1.74443573479
2.28280111684
1.87393571234
1.89751142339
2.3417735649
2.71871727493
2.51058940293
1.68257058741
1.54886471827
1.30246136859
1.47589031008
-0.75267187068
-0.37028686834
-0.436044224078
-0.43315903939
0.285617232854
-0.0939113288892
-0.0590215439036
-0.0608798604887
0.266968006327
-0.408627958534
-1.05408873108
0.0326793084404
0.894658247104
0.676913708516
0.437400799184
0.755755488629
-0.639669190078
0.799911838178
-0.0340526313801
-0.32134364806
-0.792651981189
-0.323474472483
-0.585343041147
0.536396081452
0.301630065332
0.49326677913
